shape_id,shape_pt_lat,shape_pt_lon,shape_pt_sequence
comm_dir,42.33598,-71.16737,0
comm_dir,42.33618,-71.16683,1
comm_dir,42.33621,-71.16665,2
comm_dir,42.33623,-71.16641,3
comm_dir,42.33619,-71.16614,4
comm_dir,42.33616,-71.16576,5
comm_dir,42.33616,-71.16564,6
comm_dir,42.33586,-71.16562,7
comm_dir,42.33585,-71.16561,8
comm_dir,42.33581,-71.16541,9
comm_dir,42.33548,-71.16409,10
comm_dir,42.33527,-71.16336,11
comm_dir,42.33522,-71.16321,12
comm_dir,42.33523,-71.16307,13
comm_dir,42.33528,-71.16296,14
comm_dir,42.33562,-71.1632,15
comm_dir,42.33642,-71.16374,16
comm_dir,42.33669,-71.1639,17
comm_dir,42.33713,-71.16411,18
comm_dir,42.33812,-71.16455,19
comm_dir,42.33842,-71.16471,20
comm_dir,42.33868,-71.16498,21
comm_dir,42.33877,-71.1651,22
comm_dir,42.33897,-71.16543,23
comm_dir,42.33904,-71.16558,24
comm_dir,42.33918,-71.166,25
comm_dir,42.33991,-71.16612,26
comm_dir,42.34,-71.16534,27
comm_dir,42.34003,-71.1649,28
comm_dir,42.34006,-71.16398,29
comm_dir,42.34005,-71.16321,30
comm_dir,42.33999,-71.16106,31
comm_dir,42.33988,-71.16107,32
comm_dir,42.33999,-71.16106,33
comm_dir,42.33997,-71.16047,34
comm_dir,42.33991,-71.15986,35
comm_dir,42.3398,-71.15898,36
comm_dir,42.3397,-71.15846,37
comm_dir,42.33955,-71.15786,38
comm_dir,42.33936,-71.1572,39
comm_dir,42.33917,-71.15666,40
comm_dir,42.33901,-71.15626,41
comm_dir,42.33859,-71.15537,42
comm_dir,42.33831,-71.15475,43
comm_dir,42.33812,-71.1543,44
comm_dir,42.338,-71.15394,45
comm_dir,42.33796,-71.15364,46
comm_dir,42.33795,-71.15342,47
comm_dir,42.33802,-71.15321,48
comm_dir,42.3374,-71.15254,49
comm_dir,42.33696,-71.15203,50
comm_dir,42.3365,-71.15145,51
comm_dir,42.33623,-71.15112,52
comm_dir,42.33552,-71.15038,53
comm_dir,42.33544,-71.15028,54
comm_dir,42.33528,-71.15004,55
comm_dir,42.33509,-71.14973,56
comm_dir,42.33481,-71.14916,57
comm_dir,42.33509,-71.14973,58
comm_dir,42.33528,-71.15004,59
comm_dir,42.33544,-71.15028,60
comm_dir,42.33552,-71.15038,61
comm_dir,42.3359,-71.15077,62
comm_dir,42.33623,-71.15112,63
comm_dir,42.33717,-71.15229,64
comm_dir,42.33797,-71.15317,65
comm_dir,42.33802,-71.15321,66
comm_dir,42.33803,-71.15318,67
comm_dir,42.33807,-71.15309,68
comm_dir,42.33833,-71.15276,69
comm_dir,42.33862,-71.15252,70
comm_dir,42.33922,-71.15221,71
comm_dir,42.33953,-71.152,72
comm_dir,42.33991,-71.15168,73
comm_dir,42.34009,-71.15149,74
comm_dir,42.34032,-71.15122,75
comm_dir,42.3407,-71.1507,76
comm_dir,42.34081,-71.15052,77
comm_dir,42.34089,-71.15037,78
comm_dir,42.34093,-71.15042,79
comm_dir,42.34103,-71.15052,80
comm_dir,42.34073,-71.15095,81
comm_dir,42.3405,-71.15128,82
comm_dir,42.34033,-71.15149,83
comm_dir,42.34,-71.15184,84
comm_dir,42.33962,-71.15216,85
comm_dir,42.33931,-71.15238,86
comm_dir,42.3387,-71.15269,87
comm_dir,42.33857,-71.15278,88
comm_dir,42.33845,-71.15291,89
comm_dir,42.33826,-71.15323,90
comm_dir,42.3382,-71.15335,91
comm_dir,42.33818,-71.1535,92
comm_dir,42.33818,-71.15379,93
comm_dir,42.33822,-71.15404,94
comm_dir,42.33846,-71.15469,95
comm_dir,42.33888,-71.15558,96
comm_dir,42.33917,-71.15623,97
comm_dir,42.33938,-71.15676,98
comm_dir,42.3396,-71.15742,99
comm_dir,42.33983,-71.15836,100
comm_dir,42.34001,-71.15942,101
comm_dir,42.34008,-71.16004,102
comm_dir,42.34012,-71.16059,103
comm_dir,42.34022,-71.16393,104
comm_dir,42.34022,-71.16443,105
comm_dir,42.34016,-71.16541,106
comm_dir,42.3401,-71.16602,107
comm_dir,42.34008,-71.16614,108
comm_dir,42.34,-71.16613,109
comm_dir,42.33991,-71.16612,110
comm_dir,42.33918,-71.166,111
comm_dir,42.33918,-71.16619,112
comm_dir,42.33915,-71.16632,113
comm_dir,42.33882,-71.16718,114
comm_dir,42.33849,-71.16809,115
comm_dir,42.33828,-71.16865,116
comm_dir,42.33812,-71.16883,117
comm_dir,42.33804,-71.16889,118
comm_dir,42.33795,-71.16892,119
comm_dir,42.33783,-71.16892,120
comm_dir,42.33772,-71.1689,121
comm_dir,42.33757,-71.16882,122
comm_dir,42.33745,-71.16869,123
comm_dir,42.33733,-71.16854,124
comm_dir,42.33724,-71.16849,125
comm_dir,42.337,-71.16841,126
comm_dir,42.3361,-71.16808,127
comm_dir,42.33598,-71.168,128
comm_dir,42.33589,-71.16784,129
comm_dir,42.33589,-71.16769,130
comm_dir,42.33593,-71.1675,131
comm_dir,42.33598,-71.16737,132
comm_exp,42.33598,-71.16737,0
comm_exp,42.33618,-71.16683,1
comm_exp,42.33621,-71.16665,2
comm_exp,42.33623,-71.16641,3
comm_exp,42.33619,-71.16614,4
comm_exp,42.33616,-71.16576,5
comm_exp,42.33616,-71.16564,6
comm_exp,42.33586,-71.16562,7
comm_exp,42.33585,-71.16561,8
comm_exp,42.33581,-71.16541,9
comm_exp,42.33548,-71.16409,10
comm_exp,42.33527,-71.16336,11
comm_exp,42.33522,-71.16321,12
comm_exp,42.33523,-71.16307,13
comm_exp,42.33528,-71.16296,14
comm_exp,42.33562,-71.1632,15
comm_exp,42.33642,-71.16374,16
comm_exp,42.33669,-71.1639,17
comm_exp,42.33713,-71.16411,18
comm_exp,42.33812,-71.16455,19
comm_exp,42.33842,-71.16471,20
comm_exp,42.33868,-71.16498,21
comm_exp,42.33877,-71.1651,22
comm_exp,42.33897,-71.16543,23
comm_exp,42.33904,-71.16558,24
comm_exp,42.33918,-71.166,25
comm_exp,42.33991,-71.16612,26
comm_exp,42.34,-71.16534,27
comm_exp,42.34003,-71.1649,28
comm_exp,42.34006,-71.16398,29
comm_exp,42.34005,-71.16321,30
comm_exp,42.33999,-71.16106,31
comm_exp,42.33988,-71.16107,32
comm_exp,42.33999,-71.16106,33
comm_exp,42.33997,-71.16047,34
comm_exp,42.33991,-71.15986,35
comm_exp,42.3398,-71.15898,36
comm_exp,42.3397,-71.15846,37
comm_exp,42.33955,-71.15786,38
comm_exp,42.33936,-71.1572,39
comm_exp,42.33917,-71.15666,40
comm_exp,42.33901,-71.15626,41
comm_exp,42.33859,-71.15537,42
comm_exp,42.33831,-71.15475,43
comm_exp,42.33812,-71.1543,44
comm_exp,42.338,-71.15394,45
comm_exp,42.33796,-71.15364,46
comm_exp,42.33795,-71.15342,47
comm_exp,42.33802,-71.15321,48
comm_exp,42.3374,-71.15254,49
comm_exp,42.33696,-71.15203,50
comm_exp,42.3365,-71.15145,51
comm_exp,42.33623,-71.15112,52
comm_exp,42.33552,-71.15038,53
comm_exp,42.33544,-71.15028,54
comm_exp,42.33528,-71.15004,55
comm_exp,42.33509,-71.14973,56
comm_exp,42.33481,-71.14916,57
comm_exp,42.33509,-71.14973,58
comm_exp,42.33528,-71.15004,59
comm_exp,42.33544,-71.15028,60
comm_exp,42.33552,-71.15038,61
comm_exp,42.3359,-71.15077,62
comm_exp,42.33623,-71.15112,63
comm_exp,42.33717,-71.15229,64
comm_exp,42.33797,-71.15317,65
comm_exp,42.33802,-71.15321,66
comm_exp,42.33803,-71.15318,67
comm_exp,42.33807,-71.15309,68
comm_exp,42.33833,-71.15276,69
comm_exp,42.33862,-71.15252,70
comm_exp,42.33922,-71.15221,71
comm_exp,42.33953,-71.152,72
comm_exp,42.33991,-71.15168,73
comm_exp,42.34009,-71.15149,74
comm_exp,42.34032,-71.15122,75
comm_exp,42.3407,-71.1507,76
comm_exp,42.34081,-71.15052,77
comm_exp,42.34089,-71.15037,78
comm_exp,42.34093,-71.15042,79
comm_exp,42.34103,-71.15052,80
comm_exp,42.34073,-71.15095,81
comm_exp,42.3405,-71.15128,82
comm_exp,42.34033,-71.15149,83
comm_exp,42.34,-71.15184,84
comm_exp,42.33962,-71.15216,85
comm_exp,42.33931,-71.15238,86
comm_exp,42.3387,-71.15269,87
comm_exp,42.33857,-71.15278,88
comm_exp,42.33845,-71.15291,89
comm_exp,42.33826,-71.15323,90
comm_exp,42.3382,-71.15335,91
comm_exp,42.33818,-71.1535,92
comm_exp,42.33818,-71.15379,93
comm_exp,42.33822,-71.15404,94
comm_exp,42.33846,-71.15469,95
comm_exp,42.33888,-71.15558,96
comm_exp,42.33917,-71.15623,97
comm_exp,42.33938,-71.15676,98
comm_exp,42.3396,-71.15742,99
comm_exp,42.33983,-71.15836,100
comm_exp,42.34001,-71.15942,101
comm_exp,42.34008,-71.16004,102
comm_exp,42.34012,-71.16059,103
comm_exp,42.34022,-71.16393,104
comm_exp,42.34022,-71.16443,105
comm_exp,42.34016,-71.16541,106
comm_exp,42.3401,-71.16602,107
comm_exp,42.34008,-71.16614,108
comm_exp,42.34,-71.16613,109
comm_exp,42.33991,-71.16612,110
comm_exp,42.33918,-71.166,111
comm_exp,42.33918,-71.16619,112
comm_exp,42.33915,-71.16632,113
comm_exp,42.33882,-71.16718,114
comm_exp,42.33849,-71.16809,115
comm_exp,42.33828,-71.16865,116
comm_exp,42.33812,-71.16883,117
comm_exp,42.33804,-71.16889,118
comm_exp,42.33789,-71.16892,119
comm_exp,42.33777,-71.16891,120
comm_exp,42.33766,-71.16887,121
comm_exp,42.33757,-71.16882,122
comm_exp,42.3375,-71.16874,123
comm_exp,42.33743,-71.16867,124
comm_exp,42.33731,-71.16852,125
comm_exp,42.33634,-71.16816,126
comm_exp,42.33607,-71.16807,127
comm_exp,42.33596,-71.16797,128
comm_exp,42.33589,-71.16781,129
comm_exp,42.33589,-71.16764,130
comm_exp,42.33598,-71.16737,131
comm_all,42.33598,-71.16737,0
comm_all,42.33618,-71.16683,1
comm_all,42.33621,-71.16665,2
comm_all,42.33623,-71.16641,3
comm_all,42.33619,-71.16614,4
comm_all,42.33616,-71.16576,5
comm_all,42.33616,-71.16564,6
comm_all,42.33586,-71.16562,7
comm_all,42.33585,-71.16561,8
comm_all,42.33581,-71.16541,9
comm_all,42.33548,-71.16409,10
comm_all,42.33527,-71.16336,11
comm_all,42.33522,-71.16321,12
comm_all,42.33523,-71.16307,13
comm_all,42.33528,-71.16296,14
comm_all,42.33477,-71.1626,15
comm_all,42.33455,-71.16245,16
comm_all,42.33429,-71.16235,17
comm_all,42.33419,-71.16245,18
comm_all,42.33405,-71.1626,19
comm_all,42.33397,-71.1627,20
comm_all,42.33396,-71.16292,21
comm_all,42.33393,-71.1632,22
comm_all,42.33386,-71.16362,23
comm_all,42.33377,-71.16447,24
comm_all,42.3337,-71.1652,25
comm_all,42.3336,-71.16603,26
comm_all,42.33344,-71.16749,27
comm_all,42.33329,-71.16901,28
comm_all,42.33307,-71.17082,29
comm_all,42.33292,-71.17222,30
comm_all,42.33287,-71.17278,31
comm_all,42.33308,-71.17303,32
comm_all,42.33329,-71.17287,33
comm_all,42.3335,-71.17268,34
comm_all,42.33447,-71.17182,35
comm_all,42.33462,-71.17173,36
comm_all,42.33542,-71.1716,37
comm_all,42.33579,-71.17155,38
comm_all,42.33607,-71.1716,39
comm_all,42.33629,-71.17166,40
comm_all,42.33669,-71.17187,41
comm_all,42.337,-71.17208,42
comm_all,42.33718,-71.17221,43
comm_all,42.33728,-71.17201,44
comm_all,42.33737,-71.17187,45
comm_all,42.33769,-71.17148,46
comm_all,42.33786,-71.1713,47
comm_all,42.33839,-71.17075,48
comm_all,42.33863,-71.17044,49
comm_all,42.33885,-71.17011,50
comm_all,42.33914,-71.16952,51
comm_all,42.33947,-71.16855,52
comm_all,42.33955,-71.16832,53
comm_all,42.33955,-71.16822,54
comm_all,42.33974,-71.16734,55
comm_all,42.33986,-71.16662,56
comm_all,42.33995,-71.1658,57
comm_all,42.34001,-71.16519,58
comm_all,42.34005,-71.16447,59
comm_all,42.34006,-71.16355,60
comm_all,42.34001,-71.16179,61
comm_all,42.33999,-71.16106,62
comm_all,42.33988,-71.16107,63
comm_all,42.33999,-71.16106,64
comm_all,42.33998,-71.16078,65
comm_all,42.33994,-71.16016,66
comm_all,42.33986,-71.15941,67
comm_all,42.33977,-71.15883,68
comm_all,42.33962,-71.15812,69
comm_all,42.33945,-71.15748,70
comm_all,42.33927,-71.15693,71
comm_all,42.33901,-71.15626,72
comm_all,42.33841,-71.15497,73
comm_all,42.33819,-71.1545,74
comm_all,42.33802,-71.15403,75
comm_all,42.33798,-71.15381,76
comm_all,42.33795,-71.15345,77
comm_all,42.33799,-71.15327,78
comm_all,42.33802,-71.15321,79
comm_all,42.33787,-71.15307,80
comm_all,42.33696,-71.15203,81
comm_all,42.33632,-71.15123,82
comm_all,42.33615,-71.15103,83
comm_all,42.33563,-71.1505,84
comm_all,42.33544,-71.15028,85
comm_all,42.33526,-71.15,86
comm_all,42.33495,-71.14945,87
comm_all,42.33481,-71.14916,88
comm_all,42.33495,-71.14945,89
comm_all,42.33526,-71.15,90
comm_all,42.33544,-71.15028,91
comm_all,42.33563,-71.1505,92
comm_all,42.33615,-71.15103,93
comm_all,42.33695,-71.15202,94
comm_all,42.33784,-71.15305,95
comm_all,42.33797,-71.15317,96
comm_all,42.33802,-71.15321,97
comm_all,42.33803,-71.15318,98
comm_all,42.33807,-71.15309,99
comm_all,42.33811,-71.15303,100
comm_all,42.33833,-71.15276,101
comm_all,42.33849,-71.15262,102
comm_all,42.33862,-71.15252,103
comm_all,42.33885,-71.15239,104
comm_all,42.33922,-71.15221,105
comm_all,42.33943,-71.15207,106
comm_all,42.33967,-71.15189,107
comm_all,42.34009,-71.15149,108
comm_all,42.34032,-71.15122,109
comm_all,42.34057,-71.15087,110
comm_all,42.34081,-71.15052,111
comm_all,42.34089,-71.15037,112
comm_all,42.34093,-71.15042,113
comm_all,42.34103,-71.15052,114
comm_all,42.3406,-71.15114,115
comm_all,42.34042,-71.15137,116
comm_all,42.34018,-71.15166,117
comm_all,42.33982,-71.152,118
comm_all,42.33942,-71.1523,119
comm_all,42.33921,-71.15243,120
comm_all,42.3388,-71.15263,121
comm_all,42.33857,-71.15278,122
comm_all,42.33845,-71.15291,123
comm_all,42.33833,-71.15308,124
comm_all,42.3382,-71.15335,125
comm_all,42.33817,-71.15359,126
comm_all,42.33821,-71.15397,127
comm_all,42.3383,-71.1543,128
comm_all,42.33857,-71.15494,129
comm_all,42.33876,-71.15534,130
comm_all,42.33917,-71.15623,131
comm_all,42.33949,-71.15709,132
comm_all,42.33977,-71.15809,133
comm_all,42.33997,-71.15914,134
comm_all,42.34005,-71.15973,135
comm_all,42.34011,-71.16033,136
comm_all,42.34021,-71.16341,137
comm_all,42.34022,-71.16414,138
comm_all,42.34021,-71.16472,139
comm_all,42.34013,-71.16572,140
comm_all,42.3401,-71.16602,141
comm_all,42.34008,-71.16614,142
comm_all,42.34,-71.16613,143
comm_all,42.33991,-71.16612,144
comm_all,42.33966,-71.16608,145
comm_all,42.33918,-71.166,146
comm_all,42.33919,-71.16607,147
comm_all,42.33915,-71.16632,148
comm_all,42.33878,-71.16728,149
comm_all,42.33834,-71.1685,150
comm_all,42.33828,-71.16865,151
comm_all,42.33822,-71.16873,152
comm_all,42.33812,-71.16883,153
comm_all,42.33804,-71.16889,154
comm_all,42.33789,-71.16892,155
comm_all,42.33789,-71.169,156
comm_all,42.33789,-71.16892,157
comm_all,42.33777,-71.16891,158
comm_all,42.33766,-71.16887,159
comm_all,42.33757,-71.16882,160
comm_all,42.3375,-71.16874,161
comm_all,42.33743,-71.16867,162
comm_all,42.33731,-71.16852,163
comm_all,42.33721,-71.16848,164
comm_all,42.33634,-71.16816,165
comm_all,42.33607,-71.16807,166
comm_all,42.33596,-71.16797,167
comm_all,42.33589,-71.16781,168
comm_all,42.33589,-71.16764,169
comm_all,42.33598,-71.16737,170
newt_dir,42.34116,-71.19389,0
newt_dir,42.34121,-71.19382,1
newt_dir,42.34129,-71.1938,2
newt_dir,42.34128,-71.1937,3
newt_dir,42.3412,-71.19329,4
newt_dir,42.34118,-71.19315,5
newt_dir,42.34119,-71.19305,6
newt_dir,42.34124,-71.19291,7
newt_dir,42.3413,-71.19283,8
newt_dir,42.34139,-71.19275,9
newt_dir,42.3416,-71.19268,10
newt_dir,42.34186,-71.19264,11
newt_dir,42.34192,-71.19261,12
newt_dir,42.34205,-71.19242,13
newt_dir,42.34177,-71.19193,14
newt_dir,42.34164,-71.19207,15
newt_dir,42.34143,-71.19228,16
newt_dir,42.34127,-71.1924,17
newt_dir,42.34109,-71.1925,18
newt_dir,42.34092,-71.19257,19
newt_dir,42.34057,-71.19264,20
newt_dir,42.33958,-71.1928,21
newt_dir,42.33724,-71.19316,22
newt_dir,42.33617,-71.19332,23
newt_dir,42.33608,-71.19335,24
newt_dir,42.336,-71.19336,25
newt_dir,42.33612,-71.19286,26
newt_dir,42.33618,-71.19227,27
newt_dir,42.3362,-71.19206,28
newt_dir,42.3362,-71.18995,29
newt_dir,42.33623,-71.18876,30
newt_dir,42.33631,-71.18748,31
newt_dir,42.33637,-71.18661,32
newt_dir,42.33643,-71.18613,33
newt_dir,42.33651,-71.18565,34
newt_dir,42.33662,-71.18476,35
newt_dir,42.33662,-71.18386,36
newt_dir,42.3366,-71.18339,37
newt_dir,42.33651,-71.18241,38
newt_dir,42.33625,-71.18028,39
newt_dir,42.33613,-71.17932,40
newt_dir,42.3361,-71.17858,41
newt_dir,42.33614,-71.1782,42
newt_dir,42.3362,-71.17791,43
newt_dir,42.33632,-71.17757,44
newt_dir,42.33655,-71.17707,45
newt_dir,42.33677,-71.17666,46
newt_dir,42.33703,-71.17615,47
newt_dir,42.33715,-71.17577,48
newt_dir,42.33723,-71.17536,49
newt_dir,42.33728,-71.17488,50
newt_dir,42.33724,-71.17434,51
newt_dir,42.3371,-71.17343,52
newt_dir,42.33706,-71.17302,53
newt_dir,42.33709,-71.17264,54
newt_dir,42.33714,-71.17234,55
newt_dir,42.33718,-71.17221,56
newt_dir,42.33734,-71.17192,57
newt_dir,42.33756,-71.17162,58
newt_dir,42.33784,-71.17133,59
newt_dir,42.33835,-71.1708,60
newt_dir,42.33857,-71.17053,61
newt_dir,42.3388,-71.1702,62
newt_dir,42.33908,-71.16966,63
newt_dir,42.33937,-71.16887,64
newt_dir,42.33955,-71.1683,65
newt_dir,42.33955,-71.16819,66
newt_dir,42.3397,-71.16757,67
newt_dir,42.3398,-71.16701,68
newt_dir,42.33984,-71.16677,69
newt_dir,42.3397,-71.16668,70
newt_dir,42.33936,-71.16647,71
newt_dir,42.33915,-71.16632,72
newt_dir,42.33917,-71.16625,73
newt_dir,42.33918,-71.16612,74
newt_dir,42.33918,-71.16603,75
newt_dir,42.33918,-71.166,76
newt_dir,42.3394,-71.16603,77
newt_dir,42.33981,-71.16611,78
newt_dir,42.34008,-71.16614,79
newt_dir,42.34,-71.16683,80
newt_dir,42.33991,-71.16733,81
newt_dir,42.33967,-71.168,82
newt_dir,42.33955,-71.1683,83
newt_dir,42.33952,-71.16839,84
newt_dir,42.3392,-71.16937,85
newt_dir,42.33908,-71.16966,86
newt_dir,42.33891,-71.17,87
newt_dir,42.33869,-71.17036,88
newt_dir,42.33845,-71.17068,89
newt_dir,42.33786,-71.1713,90
newt_dir,42.33769,-71.17148,91
newt_dir,42.33737,-71.17187,92
newt_dir,42.33728,-71.17201,93
newt_dir,42.33716,-71.17227,94
newt_dir,42.33711,-71.17245,95
newt_dir,42.33706,-71.17291,96
newt_dir,42.33708,-71.17332,97
newt_dir,42.33722,-71.17415,98
newt_dir,42.33728,-71.17471,99
newt_dir,42.33727,-71.17503,100
newt_dir,42.33718,-71.17566,101
newt_dir,42.33707,-71.17602,102
newt_dir,42.33685,-71.17651,103
newt_dir,42.33661,-71.17694,104
newt_dir,42.3364,-71.17739,105
newt_dir,42.33627,-71.17769,106
newt_dir,42.33617,-71.17803,107
newt_dir,42.33612,-71.17833,108
newt_dir,42.33609,-71.17871,109
newt_dir,42.33614,-71.1794,110
newt_dir,42.33648,-71.18211,111
newt_dir,42.33658,-71.18315,112
newt_dir,42.33663,-71.18439,113
newt_dir,42.3366,-71.18498,114
newt_dir,42.33657,-71.18521,115
newt_dir,42.3364,-71.18632,116
newt_dir,42.33633,-71.18712,117
newt_dir,42.33628,-71.18795,118
newt_dir,42.33621,-71.18935,119
newt_dir,42.3362,-71.1914,120
newt_dir,42.33619,-71.19221,121
newt_dir,42.33614,-71.19263,122
newt_dir,42.33608,-71.19308,123
newt_dir,42.336,-71.19336,124
newt_dir,42.33608,-71.19335,125
newt_dir,42.33622,-71.19331,126
newt_dir,42.33719,-71.19317,127
newt_dir,42.33947,-71.19282,128
newt_dir,42.34081,-71.1926,129
newt_dir,42.341,-71.19254,130
newt_dir,42.34118,-71.19245,131
newt_dir,42.34133,-71.19236,132
newt_dir,42.34149,-71.19222,133
newt_dir,42.34177,-71.19193,134
newt_dir,42.34205,-71.19242,135
newt_dir,42.34192,-71.19261,136
newt_dir,42.34181,-71.19266,137
newt_dir,42.3416,-71.19268,138
newt_dir,42.34139,-71.19275,139
newt_dir,42.3413,-71.19283,140
newt_dir,42.34124,-71.19291,141
newt_dir,42.34119,-71.19305,142
newt_dir,42.34118,-71.19315,143
newt_dir,42.3412,-71.19329,144
newt_dir,42.34128,-71.1937,145
newt_dir,42.34129,-71.1938,146
newt_dir,42.34121,-71.19382,147
newt_dir,42.34118,-71.19385,148
newt_dir,42.34116,-71.19389,149
newt_all,42.34116,-71.19389,0
newt_all,42.34121,-71.19382,1
newt_all,42.34129,-71.1938,2
newt_all,42.34128,-71.1937,3
newt_all,42.3412,-71.19329,4
newt_all,42.34118,-71.19315,5
newt_all,42.34119,-71.19305,6
newt_all,42.34124,-71.19291,7
newt_all,42.3413,-71.19283,8
newt_all,42.34139,-71.19275,9
newt_all,42.3416,-71.19268,10
newt_all,42.34186,-71.19264,11
newt_all,42.34192,-71.19261,12
newt_all,42.34205,-71.19242,13
newt_all,42.34177,-71.19193,14
newt_all,42.34164,-71.19207,15
newt_all,42.34143,-71.19228,16
newt_all,42.34127,-71.1924,17
newt_all,42.34109,-71.1925,18
newt_all,42.34092,-71.19257,19
newt_all,42.34057,-71.19264,20
newt_all,42.33958,-71.1928,21
newt_all,42.33724,-71.19316,22
newt_all,42.33617,-71.19332,23
newt_all,42.33608,-71.19335,24
newt_all,42.336,-71.19336,25
newt_all,42.33612,-71.19286,26
newt_all,42.33618,-71.19227,27
newt_all,42.3362,-71.19206,28
newt_all,42.3362,-71.18995,29
newt_all,42.33623,-71.18876,30
newt_all,42.33631,-71.18748,31
newt_all,42.33637,-71.18661,32
newt_all,42.33643,-71.18613,33
newt_all,42.33651,-71.18565,34
newt_all,42.33662,-71.18476,35
newt_all,42.33662,-71.18386,36
newt_all,42.3366,-71.18339,37
newt_all,42.33651,-71.18241,38
newt_all,42.33625,-71.18028,39
newt_all,42.33613,-71.17932,40
newt_all,42.3361,-71.17858,41
newt_all,42.33614,-71.1782,42
newt_all,42.3362,-71.17791,43
newt_all,42.33632,-71.17757,44
newt_all,42.33655,-71.17707,45
newt_all,42.33677,-71.17666,46
newt_all,42.33703,-71.17615,47
newt_all,42.33715,-71.17577,48
newt_all,42.33723,-71.17536,49
newt_all,42.33728,-71.17488,50
newt_all,42.33724,-71.17434,51
newt_all,42.3371,-71.17343,52
newt_all,42.33706,-71.17302,53
newt_all,42.33709,-71.17264,54
newt_all,42.33714,-71.17234,55
newt_all,42.33718,-71.17221,56
newt_all,42.33734,-71.17192,57
newt_all,42.33756,-71.17162,58
newt_all,42.33784,-71.17133,59
newt_all,42.33835,-71.1708,60
newt_all,42.33857,-71.17053,61
newt_all,42.3388,-71.1702,62
newt_all,42.33908,-71.16966,63
newt_all,42.33937,-71.16887,64
newt_all,42.33955,-71.1683,65
newt_all,42.33955,-71.16819,66
newt_all,42.3397,-71.16757,67
newt_all,42.3398,-71.16701,68
newt_all,42.33984,-71.16677,69
newt_all,42.3397,-71.16668,70
newt_all,42.33936,-71.16647,71
newt_all,42.33915,-71.16632,72
newt_all,42.33895,-71.16685,73
newt_all,42.33881,-71.16721,74
newt_all,42.33855,-71.16792,75
newt_all,42.33832,-71.16857,76
newt_all,42.33825,-71.1687,77
newt_all,42.33817,-71.16879,78
newt_all,42.33808,-71.16886,79
newt_all,42.33798,-71.16891,80
newt_all,42.33777,-71.16891,81
newt_all,42.33766,-71.16887,82
newt_all,42.33757,-71.16882,83
newt_all,42.3375,-71.16874,84
newt_all,42.33743,-71.16867,85
newt_all,42.33736,-71.16857,86
newt_all,42.33726,-71.1685,87
newt_all,42.3371,-71.16845,88
newt_all,42.33613,-71.16809,89
newt_all,42.33601,-71.16803,90
newt_all,42.33596,-71.16797,91
newt_all,42.3359,-71.16786,92
newt_all,42.33588,-71.16773,93
newt_all,42.33591,-71.16757,94
newt_all,42.33612,-71.16701,95
newt_all,42.33618,-71.16683,96
newt_all,42.33621,-71.16665,97
newt_all,42.33622,-71.16629,98
newt_all,42.33617,-71.166,99
newt_all,42.33616,-71.16564,100
newt_all,42.33586,-71.16562,101
newt_all,42.33584,-71.16555,102
newt_all,42.33566,-71.16482,103
newt_all,42.33531,-71.16349,104
newt_all,42.33524,-71.16327,105
newt_all,42.33522,-71.16313,106
newt_all,42.33523,-71.16307,107
newt_all,42.33528,-71.16296,108
newt_all,42.33455,-71.16245,109
newt_all,42.33429,-71.16235,110
newt_all,42.33427,-71.16239,111
newt_all,42.33409,-71.16254,112
newt_all,42.33405,-71.1626,113
newt_all,42.33397,-71.1627,114
newt_all,42.33396,-71.16292,115
newt_all,42.33393,-71.1632,116
newt_all,42.33386,-71.16362,117
newt_all,42.3337,-71.1652,118
newt_all,42.33351,-71.1668,119
newt_all,42.33342,-71.16777,120
newt_all,42.33318,-71.16993,121
newt_all,42.33292,-71.17222,122
newt_all,42.33287,-71.17278,123
newt_all,42.33308,-71.17303,124
newt_all,42.33329,-71.17287,125
newt_all,42.33405,-71.17219,126
newt_all,42.33456,-71.17176,127
newt_all,42.3348,-71.1717,128
newt_all,42.33572,-71.17155,129
newt_all,42.33596,-71.17158,130
newt_all,42.33629,-71.17166,131
newt_all,42.33669,-71.17187,132
newt_all,42.337,-71.17208,133
newt_all,42.33718,-71.17221,134
newt_all,42.33716,-71.17227,135
newt_all,42.33711,-71.17245,136
newt_all,42.33706,-71.17291,137
newt_all,42.33708,-71.17332,138
newt_all,42.33722,-71.17415,139
newt_all,42.33728,-71.17471,140
newt_all,42.33727,-71.17503,141
newt_all,42.33718,-71.17566,142
newt_all,42.33707,-71.17602,143
newt_all,42.33685,-71.17651,144
newt_all,42.33661,-71.17694,145
newt_all,42.3364,-71.17739,146
newt_all,42.33627,-71.17769,147
newt_all,42.33617,-71.17803,148
newt_all,42.33612,-71.17833,149
newt_all,42.33609,-71.17871,150
newt_all,42.33614,-71.1794,151
newt_all,42.33648,-71.18211,152
newt_all,42.33658,-71.18315,153
newt_all,42.33663,-71.18439,154
newt_all,42.3366,-71.18498,155
newt_all,42.33657,-71.18521,156
newt_all,42.3364,-71.18632,157
newt_all,42.33633,-71.18712,158
newt_all,42.33628,-71.18795,159
newt_all,42.33621,-71.18935,160
newt_all,42.3362,-71.1914,161
newt_all,42.33619,-71.19221,162
newt_all,42.33614,-71.19263,163
newt_all,42.33608,-71.19308,164
newt_all,42.336,-71.19336,165
newt_all,42.33608,-71.19335,166
newt_all,42.33622,-71.19331,167
newt_all,42.33719,-71.19317,168
newt_all,42.33947,-71.19282,169
newt_all,42.34081,-71.1926,170
newt_all,42.341,-71.19254,171
newt_all,42.34118,-71.19245,172
newt_all,42.34133,-71.19236,173
newt_all,42.34149,-71.19222,174
newt_all,42.34177,-71.19193,175
newt_all,42.34205,-71.19242,176
newt_all,42.34213,-71.19251,177
newt_all,42.34228,-71.19269,178
newt_all,42.34234,-71.19284,179
newt_all,42.34241,-71.19309,180
newt_all,42.34251,-71.19303,181
newt_all,42.34264,-71.19302,182
newt_all,42.34278,-71.19296,183
newt_all,42.34294,-71.19284,184
newt_all,42.34345,-71.19264,185
newt_all,42.34357,-71.19258,186
newt_all,42.34361,-71.19304,187
newt_all,42.34356,-71.19348,188
newt_all,42.34351,-71.194,189
newt_all,42.34352,-71.19421,190
newt_all,42.34362,-71.19463,191
newt_all,42.34369,-71.19484,192
newt_all,42.34379,-71.1951,193
newt_all,42.34349,-71.19524,194
newt_all,42.34287,-71.19547,195
newt_all,42.34283,-71.19548,196
newt_all,42.34281,-71.19553,197
newt_all,42.34279,-71.19572,198
newt_all,42.34276,-71.19576,199
newt_all,42.34269,-71.19577,200
newt_all,42.34262,-71.19577,201
newt_all,42.34228,-71.1957,202
newt_all,42.3421,-71.19574,203
newt_all,42.34187,-71.19581,204
newt_all,42.34176,-71.19575,205
newt_all,42.3417,-71.1958,206
newt_all,42.34162,-71.19577,207
newt_all,42.34158,-71.19569,208
newt_all,42.34159,-71.1956,209
newt_all,42.34154,-71.19548,210
newt_all,42.34147,-71.19549,211
newt_all,42.34138,-71.19547,212
newt_all,42.34134,-71.19542,213
newt_all,42.34126,-71.19483,214
newt_all,42.34117,-71.19424,215
newt_all,42.34116,-71.19391,216
newt_all,42.34116,-71.19389,217
